0.140351
0.111111
0.140351
0.0952381
0.140351
0.126126
0.153846
0.111111
0.153846
0.126126
0.140351
0.140351
0.153846
0.153846
0.126126
0.140351
0.140351
0.140351
0.153846
0.126126
0.111111
0.140351
0.126126
0.153846
0.126126
0.153846
0.153846
0.0952381
0.0952381
0.140351
0.140351
0.140351
0.153846
0.140351
0.126126
0.111111
0.140351
0.166667
0.140351
0.126126
0.153846
0.153846
0.153846
0.0952381
0.126126
0.140351
0.126126
0.153846
0.126126
0.140351
0.166667
0.153846
0.140351
0.140351
0.153846
0.153846
0.140351
0.126126
0.153846
0.140351
0.140351
0.153846
0.126126
0.153846
0.140351
0.153846
0.126126
0.140351
0.166667
0.140351
0.140351
0.153846
0.140351
0.111111
0.153846
0.140351
0.153846
0.111111
0.126126
0.140351
0.0952381
0.153846
0.126126
0.140351
0.153846
0.126126
0.140351
0.140351
0.140351
0.153846
0.111111
0.126126
0.140351
0.126126
0.140351
0.126126
0.140351
0.153846
0.153846
0.126126
0.938889
0.916522
0.965899
0.870445
0.962848
0.956815
1
0.970962
0.968254
0.897698
0.969123
1
0.925
0.962848
0.912381
1
0.939394
0.969123
0.966583
0.861472
0.961026
0.968046
0.893557
0.899749
1
1
0.968254
0.830688
0.973162
0.960234
0.960234
1
0.936364
0.921296
0.941919
0.896296
0.92963
0.93266
0.877778
0.961905
0.93266
0.904762
1
0.973162
0.955556
1
1
1
0.915344
0.907368
0.966583
0.933333
0.965899
1
1
0.92803
1
1
0.925
0.935185
1
1
0.92803
0.901176
0.939394
0.904762
0.879599
0.967059
0.966583
1
0.937322
0.967059
0.899749
1
0.90389
1
1
0.962013
1
0.848171
0.950089
1
0.913043
0.928571
0.967963
0.968898
1
0.938889
0.92963
0.964912
0.898851
0.859259
0.960784
0.904139
1
0.916667
1
0.964912
0.93266
1
0.938889
0.916522
0.965899
0.870445
0.962848
0.956815
1
0.970962
0.968254
0.897698
0.969123
1
0.925
0.962848
0.912381
1
0.939394
0.969123
0.966583
0.861472
0.961026
0.968046
0.893557
0.899749
1
1
0.968254
0.830688
0.973162
0.960234
0.960234
1
0.936364
0.921296
0.941919
0.896296
0.92963
0.93266
0.877778
0.961905
0.93266
0.904762
1
0.973162
0.955556
1
1
1
0.915344
0.907368
0.966583
0.933333
0.965899
1
1
0.92803
1
1
0.925
0.935185
1
1
0.92803
0.901176
0.939394
0.904762
0.879599
0.967059
0.966583
1
0.937322
0.967059
0.899749
1
0.90389
1
1
0.962013
1
0.848171
0.950089
1
0.913043
0.928571
0.967963
0.968898
1
0.938889
0.92963
0.964912
0.898851
0.859259
0.960784
0.904139
1
0.916667
1
0.964912
0.93266
1
