0.665455
0.516667
0.64127
0.680662
0.700741
0.725698
0.633203
0.624302
0.699541
0.575792
0.75152
0.501852
0.584127
0.56254
0.659974
0.632042
0.612698
0.642071
0.673223
0.664756
0.698894
0.491657
0.696104
0.703216
0.581454
0.641997
0.448084
0.607071
0.669039
0.84841
0.665455
0.516667
0.64127
0.680662
0.700741
0.566563
0.587302
0.656676
0.698718
0.650278
0.625
0.681548
0.581807
0.715618
0.600685
0.607977
0.593455
0.624702
0.555128
0.65591
0.623481
0.708611
0.697479
0.65404
0.65368
0.75505
0.67855
0.638528
0.643915
0.635328
0.711627
0.615314
0.666467
0.639965
0.691162
0.58093
0.705147
0.638333
0.628486
0.674504
0.588744
0.671629
0.657407
0.693037
0.638676
0.725698
0.633203
0.624302
0.699541
0.575792
0.69444
0.555769
0.620236
0.62684
0.750684
0.560375
0.712903
0.590556
0.662281
0.681115
0.606536
0.693554
0.686407
0.682469
0.637184
0.62649
0.733769
0.698977
0.607456
0.621921
0.166667
0.156028
0.176871
0.148148
0.180556
0.186667
0.166667
0.186667
0.15942
0.124031
0.156028
0.176871
0.186667
0.136364
0.170213
0.196078
0.121212
0.196078
0.148148
0.15942
0.213836
0.176871
0.108527
0.170213
0.148148
0.144928
0.213836
0.133333
0.170213
0.15942
0.166667
0.156028
0.176871
0.148148
0.180556
0.121212
0.144928
0.213836
0.170213
0.170213
0.186667
0.186667
0.144928
0.170213
0.136364
0.186667
0.121212
0.186667
0.136364
0.190476
0.186667
0.176871
0.144928
0.148148
0.170213
0.186667
0.133333
0.144928
0.180556
0.180556
0.144928
0.144928
0.186667
0.2
0.148148
0.176871
0.144928
0.196078
0.124031
0.180556
0.144928
0.176871
0.156028
0.20915
0.136364
0.186667
0.166667
0.186667
0.15942
0.124031
0.166667
0.156028
0.176871
0.15942
0.170213
0.121212
0.205128
0.166667
0.111111
0.20915
0.144928
0.166667
0.156028
0.170213
0.190476
0.176871
0.121212
0.156028
0.190476
0.180556
