0.505536
0.529088
0.52819
0.541144
0.535547
0.5117
0.555441
0.529625
0.518237
0.511726
0.544855
0.522693
0.540424
0.528332
0.505253
0.536431
0.516677
0.554676
0.509012
0.517831
0.518909
0.515026
0.531519
0.506211
0.538695
0.508814
0.523575
0.518105
0.528357
0.519389
0.541848
0.521245
0.523218
0.519677
0.531001
0.527181
0.533155
0.518677
0.546167
0.499472
0.518909
0.515026
0.531519
0.506211
0.538695
0.524274
0.503358
0.525366
0.527529
0.504087
0.531039
0.509454
0.531155
0.531405
0.532121
0.528822
0.5289
0.503251
0.522761
0.496852
0.504982
0.523325
0.536057
0.516803
0.5527
0.51345
0.533855
0.539219
0.491473
0.510159
0.533385
0.5361
0.522008
0.53863
0.515168
0.55758
0.511814
0.509581
0.523509
0.532972
0.53516
0.488459
0.517076
0.54452
0.50719
0.532491
0.525962
0.54433
0.553947
0.505539
0.53567
0.520661
0.50853
0.532784
0.518371
0.516683
0.538353
0.538231
0.512408
0.539967
0.53679
0.530424
0.528612
0.528647
0.534312
0.509671
0.533572
0.529892
0.549359
0.55074
0.534949
0.514306
0.536309
0.535274
0.517017
0.552046
0.510567
0.558186
0.548199
0.543687
0.496785
0.537295
0.538632
0.517512
0.547295
0.498876
0.528515
0.549598
0.525496
0.501032
0.557713
0.519938
0.523459
0.526383
0.542502
0.525289
0.535184
0.509429
0.548458
0.529589
0.496785
0.537295
0.538632
0.517512
0.547295
0.554183
0.504712
0.529836
0.541514
0.526321
0.516624
0.522003
0.539764
0.519965
0.539309
0.514282
0.535728
0.531239
0.561338
0.520494
0.519946
0.52894
0.524026
0.523672
0.550141
0.503668
0.549688
0.539685
0.519593
0.510782
0.536616
0.530219
0.541784
0.529208
0.535201
0.535552
0.528207
0.535479
0.512525
0.536898
0.557968
0.501369
0.515475
0.534085
0.528462
0.509884
0.511626
0.540852
0.549008
0.543887
0.530856
0.526856
0.534975
0.551124
0.519597
0.526406
0.550007
0.534878
0.534164
0.531841
