0.0729167
0.0736842
0.0825
0.0736842
0.0698925
0.0833333
0.0659341
0.0698925
0.0773196
0.0755208
0.0833333
0.0679348
0.0773196
0.0718085
0.0718085
0.0747423
0.0574713
0.0841584
0.0857843
0.0679348
0.0765306
0.0825
0.0552326
0.0773196
0.0790816
0.0816832
0.0679348
0.0808081
0.0755208
0.0659341
0.0765306
0.0825
0.0552326
0.0773196
0.0790816
0.0765306
0.0825
0.0718085
0.0790816
0.0617978
0.08
0.0736842
0.0808081
0.0679348
0.0698925
0.0765306
0.0790816
0.0659341
0.0755208
0.0755208
0.0672043
0.0857843
0.0808081
0.0617978
0.0755208
0.0691489
0.0755208
0.0736842
0.0773196
0.0773196
0.0710526
0.0790816
0.0755208
0.0679348
0.0790816
0.0849515
0.0755208
0.0679348
0.0808081
0.0617978
0.0765306
0.0825
0.0718085
0.0790816
0.0617978
0.0816832
0.0638889
0.0755208
0.0773196
0.0736842
0.0765306
0.0679348
0.0773196
0.0773196
0.0736842
0.0729167
0.0736842
0.0718085
0.0736842
0.0808081
0.0765306
0.0825
0.0552326
0.0773196
0.0790816
0.0747423
0.0718085
0.0857843
0.0736842
0.0659341
