0.722222
0.707407
0.676328
0.609907
0.668129
0.787056
0.738724
0.72963
0.711673
0.581018
0.75152
0.762283
0.529252
0.59596
0.767642
0.614967
0.625708
0.663597
0.665082
0.664336
0.725397
0.579372
0.628175
0.761296
0.700094
0.6723
0.519969
0.812963
0.750684
0.854809
0.722222
0.707407
0.676328
0.609907
0.668129
0.636853
0.687831
0.659695
0.742424
0.707792
0.712528
0.714286
0.662587
0.682699
0.673522
0.615556
0.699079
0.62963
0.592982
0.594074
0.752516
0.684265
0.765272
0.634033
0.683983
0.68016
0.636809
0.668863
0.726208
0.737778
0.689793
0.562424
0.78386
0.7
0.769841
0.722222
0.747475
0.660914
0.709861
0.685556
0.621137
0.620513
0.717551
0.756725
0.654549
0.787056
0.738724
0.72963
0.711673
0.581018
0.714286
0.642753
0.657695
0.721795
0.792222
0.691901
0.689682
0.578477
0.713588
0.681955
0.718426
0.648889
0.638528
0.708547
0.716846
0.677813
0.718954
0.655232
0.677026
0.78744
