0.481548
0.515817
0.541329
0.450188
0.479417
0.50625
0.509176
0.505536
0.460711
0.295659
0.433766
0.492134
0.546107
0.459546
0.506467
0.520541
0.500881
0.529093
0.468056
0.432407
0.536553
0.433253
0.473472
0.483234
0.531155
0.482744
0.473791
0.493326
0.501458
0.465639
0.536553
0.433253
0.473472
0.483234
0.531155
0.496599
0.511338
0.459659
0.496919
0.47569
0.421244
0.552289
0.416684
0.525748
0.521561
0.48355
0.444323
0.489807
0.484366
0.507589
0.533238
0.495612
0.439844
0.509843
0.377062
0.52788
0.510427
0.502788
0.445749
0.42418
0.497247
0.57476
0.429273
0.506902
0.485517
0.540303
0.438453
0.535784
0.473859
0.499672
0.496599
0.511338
0.459659
0.496919
0.47569
0.533134
0.405505
0.418363
0.505747
0.504566
0.42879
0.453767
0.544783
0.459376
0.570917
0.492411
0.489714
0.488515
0.520664
0.552788
0.536553
0.433253
0.473472
0.483234
0.531155
0.535207
0.480963
0.472369
0.462588
0.459414
