0.0560714
0.0546271
0.0536053
0.055207
0.055207
0.0540443
0.0540443
0.0538982
0.0553515
0.0494258
0.050334
0.055207
0.0522781
0.0570717
0.0549174
0.0521297
0.055207
0.0562149
0.0538982
0.0519811
0.0524263
0.0538982
0.0541903
0.0554959
0.0504847
0.0521297
0.055207
0.0562149
0.0538982
0.0519811
0.0550623
0.0519811
0.0570717
0.0543361
0.0562149
0.0550623
0.0519811
0.0570717
0.0543361
0.0562149
0.050334
0.055207
0.0522781
0.0570717
0.0549174
0.0534585
0.0525743
0.055207
0.0524263
0.0567868
0.0518323
0.0565012
0.0509356
0.0527222
0.0509356
0.0546271
0.0531646
0.0554959
0.0527222
0.055207
0.0567868
0.0531646
0.0547724
0.0543361
0.05564
0.0550623
0.0515342
0.0534585
0.0547724
0.0530173
0.0569294
0.0512353
0.0567868
0.0554959
0.0541903
0.0540443
0.0540443
0.0538982
0.0553515
0.0494258
0.0522781
0.0527222
0.0533116
0.0537518
0.0562149
0.0534585
0.0525743
0.055207
0.0524263
0.0567868
0.0515342
0.0546271
0.0513848
0.0531646
0.055207
0.0500321
0.0516833
0.0528698
0.0570717
0.0522781
0.722082
0.713083
0.712426
0.712712
0.716048
0.720647
0.709887
0.696938
0.72432
0.72059
0.711123
0.706758
0.726413
0.718743
0.722676
0.743885
0.71403
0.719198
0.706483
0.704373
0.738657
0.711401
0.710365
0.708563
0.717253
0.743885
0.71403
0.719198
0.706483
0.704373
0.704383
0.705058
0.709466
0.730424
0.722167
0.704383
0.705058
0.709466
0.730424
0.722167
0.711123
0.706758
0.726413
0.718743
0.722676
0.716219
0.719008
0.712043
0.733241
0.715216
0.71743
0.715079
0.710894
0.719483
0.712888
0.731525
0.702785
0.71695
0.708937
0.719716
0.718454
0.715062
0.725048
0.724213
0.711367
0.715786
0.723556
0.724667
0.713137
0.708712
0.711528
0.711393
0.73302
0.713185
0.724778
0.720647
0.709887
0.696938
0.72432
0.72059
0.707278
0.713888
0.719662
0.725055
0.714811
0.716219
0.719008
0.712043
0.733241
0.715216
0.71298
0.710504
0.716822
0.716599
0.728599
0.727384
0.709969
0.708892
0.716974
0.726207
