0.925319
0.971277
0.92711
0.917541
0.895273
0.934947
0.883077
0.960526
0.934947
0.905265
0.933693
0.924681
0.912837
0.963798
0.926144
0.909324
0.908888
0.929038
0.924681
0.952397
0.959402
0.913832
0.961911
0.890665
0.93459
0.954279
0.954762
0.934348
0.912837
0.900663
0.939979
0.97212
0.917064
0.881579
0.962458
0.964015
0.912837
0.895804
0.922973
0.929179
0.954279
0.932981
0.925974
0.92657
0.911094
0.909324
0.898504
0.936842
0.921053
0.964127
0.839944
0.941538
0.961911
0.934348
0.963967
0.934947
0.883077
0.960526
0.934947
0.905265
0.924603
0.897775
0.934947
0.94223
0.921691
0.932981
0.937132
0.934947
0.891394
0.935127
0.924603
0.961486
0.970946
0.906649
0.906146
0.946779
0.919972
0.917541
0.942867
0.915902
0.881579
0.971583
0.94399
0.875313
0.968707
0.941538
0.961486
0.939103
0.920012
0.905265
0.961026
0.928411
0.946023
0.931367
0.899507
0.964015
0.912837
0.895804
0.922973
0.929179
0.934947
0.952129
0.9546
0.927263
0.885163
0.934947
0.893467
0.970946
0.94399
0.924917
0.952638
0.916176
0.932206
0.963798
0.916592
0.919972
0.91828
0.955562
0.956555
0.952397
0.959402
0.895804
0.961911
0.908888
0.943688
0.954279
0.966428
0.925319
0.94223
0.901137
0.930458
0.97212
0.935494
0.890719
0.943159
0.964207
0.912837
0.914749
0.94223
0.929179
0.945333
0.94223
0.935494
0.92657
0.922972
0.898504
0.928411
0.946023
0.919972
0.946395
0.848873
0.941538
0.980956
0.934947
0.963967
0.934947
0.893467
0.970946
0.94399
0.924917
0.934348
0.897775
0.934947
0.94223
0.920702
0.941538
0.926022
0.934947
0.891394
0.94417
0.914749
0.952129
0.980513
0.897775
0.906146
0.955562
0.929474
0.907957
0.942867
0.934001
0.881579
0.971583
0.934348
0.883956
0.968707
0.931367
0.961486
0.928411
0.910518
0.934001
0.980263
0.928411
0.955143
0.922051
0.91828
0.964207
0.912837
0.914749
0.94223
0.929179
0.934947
0.952129
0.9546
0.927263
0.885163
0.934947
0.893467
0.970946
0.94399
0.924917
0.952638
0.916176
0.932206
0.963798
0.916592
0.919972
0.91828
0.955562
0.956555
0.952397
0.959402
0.895804
0.961911
0.908888
0.943688
0.954279
0.966428
0.925319
0.94223
0.901137
0.930458
0.97212
0.935494
0.890719
0.943159
0.964207
0.912837
0.914749
0.94223
0.929179
0.945333
0.94223
0.935494
0.92657
0.922972
0.898504
0.928411
0.946023
0.919972
0.946395
0.848873
0.941538
0.980956
0.934947
0.963967
0.934947
0.893467
0.970946
0.94399
0.924917
0.934348
0.897775
0.934947
0.94223
0.920702
0.941538
0.926022
0.934947
0.891394
0.94417
0.914749
0.952129
0.980513
0.897775
0.906146
0.955562
0.929474
0.907957
0.942867
0.934001
0.881579
0.971583
0.934348
0.883956
0.968707
0.931367
0.961486
0.928411
0.910518
0.934001
0.980263
0.928411
0.955143
0.922051
0.91828
0.964207
0.912837
0.914749
0.94223
0.929179
