0.62487
0.515817
0.652564
0.53765
0.497056
0.50625
0.663301
0.531859
0.547891
0.576848
0.595919
0.589641
0.677541
0.516987
0.660782
0.69062
0.598068
0.522289
0.468056
0.486066
0.624492
0.607774
0.451167
0.623026
0.557025
0.492777
0.632351
0.64672
0.630625
0.494804
0.624492
0.607774
0.451167
0.623026
0.557025
0.534123
0.551283
0.54663
0.586789
0.628017
0.428172
0.53957
0.672041
0.551106
0.497502
0.665255
0.574855
0.505025
0.652083
0.640602
0.520761
0.495612
0.476397
0.595954
0.612697
0.670639
0.527819
0.656481
0.580803
0.622855
0.627891
0.691269
0.474022
0.608614
0.508637
0.540303
0.605155
0.610165
0.467498
0.513053
0.534123
0.551283
0.54663
0.586789
0.628017
0.621051
0.555943
0.494373
0.534172
0.528028
0.478095
0.582051
0.544783
0.459376
0.58207
0.492411
0.489714
0.529933
0.665454
0.536232
0.624492
0.607774
0.451167
0.623026
0.557025
0.68491
0.595746
0.50464
0.549576
0.663998
