0.745742
0.73309
0.729453
0.750547
0.749484
0.753805
0.739145
0.731675
0.747891
0.737309
0.736918
0.7466
0.748519
0.731428
0.749885
0.756307
0.735482
0.745486
0.739459
0.731239
0.759301
0.74051
0.732855
0.738891
0.74159
0.756307
0.735482
0.745486
0.739459
0.731239
0.739923
0.732964
0.730918
0.756999
0.751954
0.739923
0.732964
0.730918
0.756999
0.751954
0.736918
0.7466
0.748519
0.731428
0.749885
0.747857
0.732864
0.746923
0.752073
0.743325
0.74822
0.742446
0.739183
0.742583
0.738986
0.7525
0.730164
0.747684
0.727648
0.743619
0.747452
0.742655
0.752864
0.750545
0.729762
0.74093
0.750826
0.750006
0.741181
0.741409
0.725358
0.742272
0.750375
0.736872
0.753734
0.753805
0.739145
0.731675
0.747891
0.737309
0.741549
0.733074
0.742265
0.755607
0.741278
0.747857
0.732864
0.746923
0.752073
0.743325
0.730102
0.734918
0.739712
0.742696
0.759463
0.737625
0.743309
0.737301
0.740904
0.74727
0.764382
0.766843
0.756011
0.771094
0.755042
0.773453
0.775855
0.749935
0.766321
0.752994
0.772156
0.755463
0.76263
0.76495
0.7654
0.772952
0.760671
0.768626
0.756658
0.75395
0.77105
0.768223
0.75164
0.759012
0.765951
0.772952
0.760671
0.768626
0.756658
0.75395
0.760202
0.758645
0.747503
0.777724
0.772828
0.760202
0.758645
0.747503
0.777724
0.772828
0.772156
0.755463
0.76263
0.76495
0.7654
0.768457
0.75801
0.755237
0.768673
0.759296
0.762945
0.771359
0.75914
0.754624
0.758626
0.774147
0.753648
0.767426
0.753388
0.758729
0.765049
0.764439
0.767411
0.770312
0.754643
0.766122
0.764994
0.760402
0.766353
0.753308
0.752893
0.759658
0.758682
0.756569
0.782672
0.773453
0.775855
0.749935
0.766321
0.752994
0.762075
0.759346
0.756809
0.766855
0.764255
0.768457
0.75801
0.755237
0.768673
0.759296
0.754296
0.763541
0.768675
0.758311
0.766834
0.76062
0.752392
0.757975
0.765035
0.765252
