0.91559
0.950976
0.908213
0.927263
0.892965
0.94399
0.87085
0.940789
0.962302
0.882536
0.94223
0.903162
0.892148
0.945333
0.906146
0.896926
0.907467
0.910518
0.933541
0.932652
0.927263
0.893467
0.94223
0.889855
0.934001
0.954279
0.953753
0.924603
0.892148
0.862027
0.948865
0.96266
0.886905
0.859951
0.952858
0.946023
0.922051
0.894684
0.922051
0.917216
0.944928
0.932206
0.896833
0.896833
0.909237
0.928411
0.895221
0.92657
0.878205
0.94595
0.855696
0.910588
0.94223
0.913832
0.917778
0.94399
0.87085
0.940789
0.962302
0.882536
0.922973
0.857914
0.934947
0.941538
0.938853
0.932206
0.956555
0.903716
0.890665
0.924212
0.894684
0.931367
0.940789
0.933693
0.905265
0.955368
0.917541
0.883749
0.912837
0.905265
0.869023
0.961486
0.903716
0.892622
0.968707
0.899965
0.961026
0.937132
0.901809
0.874925
0.950327
0.916176
0.907467
0.931367
0.889216
0.946023
0.922051
0.894684
0.922051
0.917216
0.934947
0.942867
0.92711
0.927263
0.914315
0.953534
0.884459
0.950976
0.94399
0.924212
0.952638
0.904886
0.922973
0.9546
0.926144
0.919972
0.908888
0.955728
0.923232
0.942581
0.948865
0.904778
0.942867
0.908888
0.94417
0.963555
0.966428
0.91559
0.922973
0.891346
0.930458
0.97212
0.917064
0.883077
0.952858
0.964207
0.932981
0.91559
0.932981
0.928124
0.963555
0.952129
0.917064
0.907467
0.912809
0.918803
0.917541
0.927596
0.899965
0.964263
0.876311
0.941538
0.952638
0.906649
0.954847
0.953534
0.884459
0.950976
0.94399
0.924212
0.934348
0.897775
0.925974
0.932206
0.940526
0.94223
0.947159
0.94399
0.881959
0.953279
0.905754
0.941538
0.970946
0.925319
0.915902
0.955562
0.929474
0.874265
0.924603
0.94417
0.881579
0.971583
0.904778
0.910937
0.958608
0.922051
0.951576
0.948865
0.920311
0.924917
0.970586
0.917541
0.936842
0.932206
0.90893
0.964207
0.932981
0.91559
0.932981
0.928124
0.934947
0.942867
0.92711
0.927263
0.914315
0.953534
0.884459
0.950976
0.94399
0.924212
0.952638
0.904886
0.922973
0.9546
0.926144
0.919972
0.908888
0.955728
0.923232
0.942581
0.948865
0.904778
0.942867
0.908888
0.94417
0.963555
0.966428
0.91559
0.922973
0.891346
0.930458
0.97212
0.917064
0.883077
0.952858
0.964207
0.932981
0.91559
0.932981
0.928124
0.963555
0.952129
0.917064
0.907467
0.912809
0.918803
0.917541
0.927596
0.899965
0.964263
0.876311
0.941538
0.952638
0.906649
0.954847
0.953534
0.884459
0.950976
0.94399
0.924212
0.934348
0.897775
0.925974
0.932206
0.940526
0.94223
0.947159
0.94399
0.881959
0.953279
0.905754
0.941538
0.970946
0.925319
0.915902
0.955562
0.929474
0.874265
0.924603
0.94417
0.881579
0.971583
0.904778
0.910937
0.958608
0.922051
0.951576
0.948865
0.920311
0.924917
0.970586
0.917541
0.936842
0.932206
0.90893
0.964207
0.932981
0.91559
0.932981
0.928124
