0.749418
0.746532
0.737124
0.758461
0.757269
0.767614
0.745663
0.750107
0.75765
0.748007
0.752247
0.75133
0.761311
0.747694
0.758297
0.769568
0.747783
0.759148
0.742782
0.741611
0.762241
0.750441
0.743365
0.748614
0.753665
0.769568
0.747783
0.759148
0.742782
0.741611
0.745673
0.740113
0.741552
0.76867
0.765862
0.745673
0.740113
0.741552
0.76867
0.765862
0.752247
0.75133
0.761311
0.747694
0.758297
0.759305
0.736712
0.753542
0.758175
0.749439
0.758284
0.753638
0.756825
0.748009
0.742505
0.7663
0.746038
0.753918
0.748212
0.753154
0.755341
0.749454
0.7605
0.757073
0.74268
0.75412
0.754753
0.753749
0.749568
0.746545
0.736789
0.752342
0.759517
0.747665
0.761624
0.767614
0.745663
0.750107
0.75765
0.748007
0.751836
0.741798
0.749918
0.761775
0.751917
0.759305
0.736712
0.753542
0.758175
0.749439
0.740352
0.747975
0.748743
0.751384
0.76933
0.752033
0.751026
0.743925
0.747071
0.754193
0.768142
0.763786
0.768541
0.773516
0.770836
0.784225
0.776548
0.749518
0.769353
0.764244
0.779255
0.764592
0.773238
0.771763
0.768633
0.782116
0.766403
0.772664
0.761638
0.761148
0.774781
0.776329
0.759604
0.76179
0.773612
0.782116
0.766403
0.772664
0.761638
0.761148
0.771285
0.76511
0.760087
0.781028
0.770369
0.771285
0.76511
0.760087
0.781028
0.770369
0.779255
0.764592
0.773238
0.771763
0.768633
0.779782
0.764562
0.770312
0.776664
0.760889
0.773014
0.777759
0.764498
0.75884
0.764713
0.782282
0.765421
0.776114
0.760601
0.762564
0.765693
0.771074
0.770385
0.7737
0.767583
0.776003
0.776316
0.771045
0.771905
0.760274
0.769514
0.771153
0.773131
0.764805
0.781294
0.784225
0.776548
0.749518
0.769353
0.764244
0.766513
0.766532
0.767278
0.777542
0.772832
0.779782
0.764562
0.770312
0.776664
0.760889
0.761708
0.773027
0.777766
0.771915
0.780385
0.771998
0.753462
0.772748
0.767359
0.774724
