0.908888
0.925319
0.910038
0.879958
0.924917
0.944481
0.823429
0.961911
0.907467
0.889216
0.898634
0.889174
0.913832
0.954887
0.90893
0.892148
0.900752
0.911298
0.926022
0.90768
0.940789
0.850639
0.94399
0.909495
0.90768
0.927596
0.934832
0.889855
0.91559
0.865187
0.903716
0.935494
0.91828
0.876859
0.924917
0.920012
0.913832
0.925974
0.887979
0.881053
0.927596
0.91559
0.91828
0.900752
0.891011
0.901316
0.910588
0.918797
0.893467
0.88492
0.831111
0.894684
0.92657
0.925974
0.919112
0.944481
0.823429
0.961911
0.907467
0.889216
0.925974
0.880204
0.890665
0.962302
0.846883
0.914749
0.916176
0.91828
0.882707
0.954009
0.870455
0.942867
0.924603
0.881126
0.917216
0.920012
0.910588
0.892148
0.897775
0.90768
0.854728
0.917064
0.954279
0.893125
0.94866
0.912837
0.942867
0.899965
0.9116
0.871674
0.951576
0.922051
0.920311
0.902564
0.890716
0.920012
0.913832
0.925974
0.887979
0.881053
0.908888
0.925319
0.910038
0.879958
0.924917
0.944481
0.823429
0.961911
0.907467
0.889216
0.898634
0.889174
0.913832
0.954887
0.90893
0.892148
0.900752
0.911298
0.926022
0.90768
0.940789
0.850639
0.94399
0.909495
0.90768
0.927596
0.934832
0.889855
0.91559
0.865187
0.903716
0.935494
0.91828
0.876859
0.924917
0.920012
0.913832
0.925974
0.887979
0.881053
0.927596
0.91559
0.91828
0.900752
0.891011
0.901316
0.910588
0.918797
0.893467
0.88492
0.831111
0.894684
0.92657
0.925974
0.919112
0.944481
0.823429
0.961911
0.907467
0.889216
0.925974
0.880204
0.890665
0.962302
0.846883
0.914749
0.916176
0.91828
0.882707
0.954009
0.870455
0.942867
0.924603
0.881126
0.917216
0.920012
0.910588
0.892148
0.897775
0.90768
0.854728
0.917064
0.954279
0.893125
0.94866
0.912837
0.942867
0.899965
0.9116
0.871674
0.951576
0.922051
0.920311
0.902564
0.890716
0.920012
0.913832
0.925974
0.887979
0.881053
0.908888
0.925319
0.910038
0.879958
0.924917
0.944481
0.823429
0.961911
0.907467
0.889216
0.898634
0.889174
0.913832
0.954887
0.90893
0.892148
0.900752
0.911298
0.926022
0.90768
0.940789
0.850639
0.94399
0.909495
0.90768
0.927596
0.934832
0.889855
0.91559
0.865187
0.903716
0.935494
0.91828
0.876859
0.924917
0.920012
0.913832
0.925974
0.887979
0.881053
0.927596
0.91559
0.91828
0.900752
0.891011
0.901316
0.910588
0.918797
0.893467
0.88492
0.831111
0.894684
0.92657
0.925974
0.919112
0.944481
0.823429
0.961911
0.907467
0.889216
0.925974
0.880204
0.890665
0.962302
0.846883
0.914749
0.916176
0.91828
0.882707
0.954009
0.870455
0.942867
0.924603
0.881126
0.917216
0.920012
0.910588
0.892148
0.897775
0.90768
0.854728
0.917064
0.954279
0.893125
0.94866
0.912837
0.942867
0.899965
0.9116
0.871674
0.951576
0.922051
0.920311
0.902564
0.890716
0.920012
0.913832
0.925974
0.887979
0.881053
0.908888
0.925319
0.910038
0.879958
0.924917
0.944481
0.823429
0.961911
0.907467
0.889216
0.898634
0.889174
0.913832
0.954887
0.90893
0.892148
0.900752
0.911298
0.926022
0.90768
0.940789
0.850639
0.94399
0.909495
0.90768
0.927596
0.934832
0.889855
0.91559
0.865187
0.903716
0.935494
0.91828
0.876859
0.924917
0.920012
0.913832
0.925974
0.887979
0.881053
0.927596
0.91559
0.91828
0.900752
0.891011
0.901316
0.910588
0.918797
0.893467
0.88492
0.831111
0.894684
0.92657
0.925974
0.919112
0.944481
0.823429
0.961911
0.907467
0.889216
0.925974
0.880204
0.890665
0.962302
0.846883
0.914749
0.916176
0.91828
0.882707
0.954009
0.870455
0.942867
0.924603
0.881126
0.917216
0.920012
0.910588
0.892148
0.897775
0.90768
0.854728
0.917064
0.954279
0.893125
0.94866
0.912837
0.942867
0.899965
0.9116
0.871674
0.951576
0.922051
0.920311
0.902564
0.890716
0.920012
0.913832
0.925974
0.887979
0.881053
