0.775217
0.715873
0.686999
0.664177
0.66821
0.748687
0.762963
0.69491
0.708254
0.633813
0.75152
0.76363
0.64084
0.560652
0.797302
0.792219
0.740741
0.663597
0.733005
0.664141
0.746561
0.601327
0.8125
0.761296
0.809578
0.724199
0.519969
0.81434
0.750684
0.853962
0.775217
0.715873
0.686999
0.664177
0.66821
0.709995
0.775253
0.795341
0.793333
0.719697
0.666667
0.718518
0.678762
0.772947
0.616425
0.634965
0.705031
0.675873
0.596733
0.693957
0.748687
0.803398
0.781937
0.65834
0.682266
0.719629
0.668374
0.726061
0.814591
0.700741
0.66122
0.590715
0.908903
0.739578
0.757173
0.720773
0.771284
0.71014
0.680294
0.710956
0.699134
0.705353
0.739998
0.838426
0.677778
0.748687
0.762963
0.69491
0.708254
0.633813
0.742222
0.601191
0.731392
0.747436
0.813827
0.640619
0.708762
0.715168
0.72729
0.766885
0.718426
0.771429
0.661343
0.740975
0.809524
0.666563
0.727408
0.674562
0.677026
0.757576
