0.938889
0.916522
0.965899
0.870445
0.962848
0.956815
0.964912
0.942857
0.968254
0.897698
0.969634
1
0.885714
0.925
0.912381
1
0.908903
0.969123
0.965899
0.861472
0.961026
0.968046
0.856061
0.933333
1
0.967963
1
0.830688
0.946581
0.960234
0.921296
1
0.904762
1
0.941919
0.865385
0.964519
0.93266
0.877778
0.961905
0.93266
0.936364
1
0.973162
0.955556
0.962848
1
0.967963
0.870445
0.907368
0.93266
0.933333
0.93266
1
1
0.964519
1
0.964444
0.85
0.935185
1
1
0.92803
0.90389
0.908903
0.904762
0.922078
0.967059
0.966583
1
0.907368
1
1
1
0.90389
0.965899
1
0.962013
0.930556
0.877778
0.945419
1
0.941919
0.965432
0.967963
0.939153
1
0.908903
0.964519
0.964912
0.840232
0.856061
0.921296
0.934524
1
0.916667
0.969634
0.92963
0.93266
1
1
0.971781
0.965899
0.911111
1
0.956815
1
0.971781
0.968254
0.930556
0.969634
1
1
0.962848
0.912381
1
0.939394
0.969123
0.965899
0.911111
0.961026
1
0.856061
0.966583
1
0.967963
1
0.830688
0.946581
0.960234
0.960784
1
0.968254
1
0.971014
0.928571
1
0.93266
0.938889
0.961905
0.966583
0.968254
1
0.973162
0.955556
1
1
0.967963
0.956815
0.938889
0.966583
0.966583
0.965899
1
1
0.964519
1
0.964444
0.962848
0.935185
1
1
0.92803
0.90389
0.939394
0.936364
0.922078
1
0.966583
1
0.968046
1
1
1
0.935185
0.965899
1
0.962013
0.964444
0.908903
0.945419
1
0.941919
0.965432
0.967963
0.939153
1
0.938889
1
0.964912
0.930159
0.856061
1
0.966284
1
0.95817
1
0.92963
0.93266
1
1
0.971781
0.965899
0.870445
1
0.956815
1
0.971781
0.968254
0.930556
0.969634
1
1
0.962848
0.912381
1
0.969634
1
0.965899
0.956815
0.961026
1
0.924603
0.966583
1
0.967963
1
0.870445
0.946581
0.960234
0.960784
1
0.968254
1
0.970794
0.928571
1
1
0.938889
0.961905
0.966583
1
1
1
0.955556
1
1
0.967963
0.956815
0.937322
0.93266
0.966583
0.965899
1
1
0.964519
1
0.964444
0.962848
0.935185
1
1
0.963285
0.936364
0.939394
1
0.922078
1
0.966583
1
1
1
0.965899
1
0.90389
0.965899
1
0.962013
0.964444
0.939394
0.945419
1
0.941919
1
0.967963
0.939153
1
0.969123
1
0.964912
0.930159
0.889855
1
0.966284
1
0.916667
1
0.92963
0.966583
0.971014
1
0.971781
0.965899
0.870445
1
0.956815
1
0.971781
0.968254
0.930556
0.969634
1
1
0.962848
0.912381
1
0.969634
1
0.965899
0.956815
0.961026
1
0.924603
0.966583
1
0.967963
1
0.870445
0.946581
0.960234
0.960784
1
0.968254
1
0.970794
0.928571
1
1
0.938889
0.961905
0.966583
1
1
1
0.955556
1
1
0.967963
0.956815
0.937322
0.93266
0.966583
0.965899
1
1
0.964519
1
0.964444
0.962848
0.935185
1
1
0.963285
0.936364
0.939394
1
0.922078
1
0.966583
1
1
1
0.965899
1
0.90389
0.965899
1
0.962013
0.964444
0.939394
0.945419
1
0.941919
1
0.967963
0.939153
1
0.969123
1
0.964912
0.930159
0.889855
1
0.966284
1
0.916667
1
0.92963
0.966583
0.971014
