0.179061
0.179913
0.178791
0.170971
0.183868
0.183709
0.171259
0.187195
0.173605
0.176643
0.178634
0.175191
0.175346
0.190883
0.172291
0.181607
0.175624
0.184704
0.173605
0.177074
0.176056
0.175624
0.175346
0.181765
0.183868
0.169935
0.182029
0.180495
0.170086
0.18966
0.181185
0.184961
0.181765
0.170086
0.174477
0.178206
0.183709
0.175346
0.178363
0.177074
0.176056
0.175624
0.175346
0.181765
0.183868
0.175191
0.176056
0.181765
0.179218
0.180495
0.177349
0.176919
0.180495
0.178791
0.179218
0.177349
0.172577
0.185953
0.175346
0.181343
0.18287
0.174757
0.179644
0.171852
0.183449
0.184961
0.172138
0.176643
0.175779
0.183029
0.181607
0.173014
0.175779
0.177934
0.184287
0.176488
0.181607
0.180495
0.181343
0.17273
0.163204
0.171259
0.175346
0.187608
0.194114
0.181185
0.176056
0.173168
0.179644
0.182609
0.174757
0.174757
0.181765
0.18007
0.181343
0.181607
0.18245
0.181765
0.171412
0.175346
0.478925
0.479726
0.506788
0.497197
0.504846
0.514967
0.49874
0.520688
0.479881
0.485371
0.536951
0.470726
0.507142
0.492781
0.479865
0.510442
0.484417
0.528861
0.483519
0.461344
0.481362
0.513527
0.51032
0.496558
0.523872
0.473686
0.507001
0.502512
0.509615
0.495751
0.486401
0.509448
0.485442
0.4787
0.518892
0.521979
0.507151
0.488165
0.49723
0.485856
0.481362
0.513527
0.51032
0.496558
0.523872
0.505674
0.498484
0.511901
0.50945
0.494845
0.500803
0.499011
0.484113
0.501979
0.494467
0.491734
0.519443
0.474004
0.495772
0.505636
0.528596
0.4827
0.486068
0.49036
0.510035
0.507079
0.498166
0.507948
0.484494
0.486734
0.504682
0.461286
0.498022
0.517053
0.50474
0.512104
0.487666
0.498022
0.484234
0.497603
0.493403
0.485176
0.510572
0.509425
0.482831
0.513286
0.502778
0.50338
0.501271
0.511834
0.510084
0.486619
0.494565
0.500452
0.519382
0.480074
0.513186
0.488472
0.498839
0.501752
