0.938889
0.971781
0.965899
0.870445
1
0.956815
0.964912
0.971781
0.968254
0.964444
0.969634
1
0.962848
0.925
0.97011
1
0.939394
1
0.965899
0.911111
0.961026
0.968046
0.889855
0.966583
1
0.967963
1
0.953824
0.946581
0.960234
0.960784
1
0.936364
1
0.941919
0.928571
1
0.966583
0.907368
1
0.966583
0.968254
1
0.973162
0.955556
1
1
0.967963
0.911111
0.938889
0.93266
0.966583
0.965899
1
1
0.964519
1
0.964444
0.962848
0.935185
1
1
0.92803
0.936364
0.939394
1
0.922078
1
0.966583
1
0.907368
1
1
1
0.90389
0.965899
1
0.962013
0.964444
0.939394
0.945419
1
0.941919
0.965432
1
0.939153
1
0.908903
1
0.964912
0.869048
0.924603
0.960784
1
1
1
0.969634
0.92963
0.93266
1
1
0.971781
0.965899
0.870445
1
0.956815
1
0.971781
0.968254
0.930556
0.969634
1
1
0.962848
0.941026
1
0.969634
1
0.965899
0.956815
0.961026
1
0.924603
0.966583
1
0.967963
1
0.911111
0.946581
0.960234
0.960784
1
0.968254
1
0.971014
0.928571
1
0.966583
0.938889
1
0.966583
0.936364
1
0.973162
0.955556
1
1
0.967963
0.956815
0.969634
0.966583
0.966583
0.965899
1
1
0.964519
1
0.964444
0.962848
0.967059
1
1
0.963285
0.968254
0.939394
0.967963
0.922078
1
0.966583
1
0.968046
1
1
1
0.935185
0.965899
1
0.962013
0.964444
0.939394
0.945419
1
0.941919
1
1
0.939153
1
0.969123
1
0.964912
0.898851
0.889855
1
1
1
1
1
0.92963
0.93266
0.971014
1
0.971781
0.965899
0.870445
1
0.956815
1
0.971781
0.968254
0.930556
0.969634
1
1
0.962848
0.941026
1
0.969634
1
0.965899
0.956815
0.961026
1
0.924603
0.966583
1
0.967963
1
0.911111
0.946581
0.960234
0.960784
1
0.968254
1
0.971014
0.928571
1
0.966583
0.938889
1
0.966583
0.936364
1
0.973162
0.955556
1
1
0.967963
0.956815
0.969634
0.966583
0.966583
0.965899
1
1
0.964519
1
0.964444
0.962848
0.967059
1
1
0.963285
0.968254
0.939394
0.967963
0.922078
1
0.966583
1
0.968046
1
1
1
0.935185
0.965899
1
0.962013
0.964444
0.939394
0.945419
1
0.941919
1
1
0.939153
1
0.969123
1
0.964912
0.898851
0.889855
1
1
1
1
1
0.92963
0.93266
0.971014
