0.522755
0.524334
0.535785
0.548149
0.528349
0.499225
0.554702
0.530736
0.541001
0.537447
0.571534
0.520268
0.545279
0.529433
0.515161
0.551357
0.512549
0.55926
0.538661
0.5256
0.513237
0.521083
0.553852
0.525
0.524863
0.51678
0.550133
0.520684
0.5432
0.526354
0.539779
0.5338
0.527884
0.547353
0.532092
0.530923
0.555652
0.520252
0.531666
0.501521
0.513237
0.521083
0.553852
0.525
0.524863
0.525033
0.524788
0.530209
0.526637
0.543114
0.536208
0.508637
0.545307
0.532296
0.5423
0.520113
0.541781
0.505513
0.53404
0.516614
0.532912
0.531474
0.542445
0.54146
0.546536
0.513596
0.555039
0.541512
0.513019
0.52385
0.530737
0.521535
0.52877
0.541912
0.529969
0.565654
0.518579
0.518583
0.538286
0.542492
0.546426
0.498886
0.521086
0.549729
0.526802
0.532439
0.533711
0.553138
0.544903
0.531266
0.532251
0.534855
0.526696
0.549118
0.527316
0.530725
0.521789
0.547254
0.537624
0.532688
0.522232
0.534608
0.539969
0.548453
0.522316
0.499445
0.549356
0.535323
0.538696
0.546327
0.573722
0.515919
0.541467
0.523978
0.527574
0.546306
0.511133
0.564241
0.548359
0.529116
0.519746
0.525169
0.559781
0.527124
0.530743
0.514163
0.559084
0.529888
0.541775
0.534624
0.545451
0.540202
0.5192
0.539166
0.550638
0.535243
0.546455
0.506412
0.527295
0.51232
0.519746
0.525169
0.559781
0.527124
0.530743
0.5266
0.524003
0.537809
0.536629
0.534394
0.531367
0.511646
0.555555
0.533418
0.53694
0.524083
0.550327
0.499951
0.527781
0.515935
0.534991
0.524932
0.544244
0.543651
0.544192
0.512376
0.556174
0.541476
0.509783
0.531269
0.523208
0.518086
0.526908
0.547762
0.535806
0.554905
0.516783
0.528372
0.536924
0.546967
0.539669
0.489941
0.51955
0.54657
0.52654
0.534396
0.538765
0.547268
0.552237
0.538611
0.52942
0.531671
0.523187
0.54572
0.530778
0.526545
0.525615
0.548621
0.522176
0.525641
